2608
1998
1711
1929
6103
2964
2431
549
5763
8067
2057
1925
5087
4988
5564
7488
1558
3807
9811
6011
370
126
7827
8042
771
5690
2761
8355
1077
2294
3433
1501
4429
5878
618
5517
6868
3831
7749
9921
7864
1540
6201
298
1926
1019
3730
2851
5037
5289
3717
9479
9626
5608
756
1909
8022
5025
2621
1385
1288
6177
5849
1995
1223
4694
4079
9058
7993
7849
4107
2989
4580
1262
4075
4950
7521
6960
883
1930
1508
8127
7013
1638
9883
24
3175
5668
3702
6883
1481
2599
4165
3185
2756
8464
1095
5093
5876
2162
5011
7251
227
5605
9326
3483
8523
2777
424
9806
5285
3663
9588
7433
2555
8279
2614
559
1075
4004
5352
2362
3174
3159
3347
588
6069
596
3171
7886
709
5091
9159
7583
6608
5118
5474
9681
4366
4741
6600
4334
5264
8489
3385
2481
7950
5837
524
1119
7750
1402
8771
2257
747
7644
2647
673
530
4052
4838
6339
792
4928
781
466
7635
4850
8484
2728
2878
7977
4943
8635
1982
2817
9094
7768
1722
3104
9899
2746
385
8319
5254
7053
6464
4691
2224
4565
3720
1523
7270
5120
4788
2173
398
5302
7764
2392
9309
5195
7312
3683
7935
6870
7729
93
5634
893
9906
3993
7192
1496
3473
3946
5411
4163
1802
6353
701
3935
4344
8910
9902
5822
5042
6916
3168
7570
4283
8540
7161
9340
1840
6471
6519
5456
3801
9731
188
211
9457
4770
6268
3973
4334
6215
8116
2401
9160
4271
285
3767
5645
6376
8721
5264
5884
4364
6128
525
7314
1121
569
1588
8148
543
5224
5177
918
4352
2020
2709
9309
2350
5630
5621
1416
85
496
5804
8445
7971
8885
9589
6463
2827
2443
6133
854
4846
2014
740
2575
3938
794
2529
1600
5220
7042
9070
1573
3612
359
5068
4849
473
8425
9664
2180
8200
6237
9805
6017
6569
3518
7474
1238
5902
9105
6336
2713
1043
7146
858
3087
2292
5651
2441
1253
7707
1313
9011
3856
8667
987
3661
3442
6295
7968
9872
3504
2991
1751
2295
1918
2595
1375
2338
4477
1978
2235
712
5138
6289
778
4070
8529
7459
1209
6830
6436
4799
7550
4659
4220
3878
711
6259
8903
1030
9454
6092
6806
2869
6
9804
939
2640
4289
1347
9048
1700
6389
5498
2081
3504
2337
1348
4823
4978
1801
4303
1865
1176
9903
8983
1948
7878
1832
5858
1498
9307
5482
5950
6335
4979
2227
4077
4317
3943
8733
507
7887
6155
7143
9388
5651
730
7597
2504
7312
6365
8313
8690
2537
9403
7167
8261
865
8034
3203
4086
709
8107
3293
5916
1941
731
8959
3793
6978
1626
8585
9136
9529
3459
6626
8003
9938
1128
5265
2366
3114
4635
9887
3515
4365
8866
1071
2084
8688
7684
7467
7796
5232
6771
7535
235
1834
1983
7944
9029
5825
7641
5131
1566
9811
3235
9702
1129
1008
8508
5929
1839
472
1541
6693
936
5243
9605
9695
588
432
4434
7233
2471
5742
2519
262
3705
5999
383
6246
2316
2506
7347
1535
6502
5697
1073
7782
8247
8618
7973
7581
7902
2171
3103
9921
8335
6750
4012
1283
1690
2244
4630
7189
1585
3836
2166
5404
4429
8309
791
1950
353
4064
168
1131
9369
4220
8540
539
2998
4499
3573
5618
2549
7648
5782
9023
7253
2447
2365
4258
4913
9280
3350
4758
1715
5856
8701
4299
9353
9944
9568
1403
9531
5047
1707
9129
2724
5245
4230
1438
1483
4073
6183
80
3854
8117
3072
3
3398
7874
1766
6150
4794
6113
4413
3912
191
4594
3645
8454
4909
444
4573
4739
402
9220
1624
909
8618
4234
2712
2196
3967
4737
1795
5652
3197
387
9970
4361
7702
9490
5495
1895
1947
1857
5903
9649
5741
2055
7464
8488
1899
2186
2409
349
3215
4032
5762
967
7936
9484
58
2796
4875
3106
1522
7182
9742
2397
1912
148
6961
5735
894
3838
2003
8462
1876
2460
1256
3933
4684
5193
6143
4844
5646
7653
2380
6150
1254
2260
7640
9355
8310
9769
1094
2246
4363
8638
8726
3857
1370
912
5965
7030
5953
4495
4963
3469
2362
6628
2085
665
3243
4002
6767
6458
3887
9854
7530
4219
1417
8565
6944
574
1011
673
3674
4435
8903
4153
5935
5605
6785
3987
8132
4716
1016
2725
3077
2786
7185
219
7743
9138
7907
7753
8978
665
9944
5653
1401
568
9156
2123
3902
7170
3210
8561
3354
1169
4378
5270
463
4076
3631
7732
2106
4877
4313
329
4674
6858
6614
2329
7435
2689
6853
3926
2996
8406
8128
3068
249
9510
2492
1525
7115
7063
8690
270
5042
7628
9616
8173
1953
244
5059
8767
7930
49
6429
3745
1390
7257
2417
2014
1764
3871
2320
7408
646
8980
4253
83
3434
1803
1808
8295
8494
9947
2734
9198
571
3737
8560
3686
3355
6211
6782
7496
2572
1985
7536
4053
9881
91
632
5946
9326
7218
2725
4962
6008
1759
108
9529
5536
191
8130
8599
495
3876
1073
5936
1467
8636
3042
40
931
1379
2189
2588
5463
8884
3987
9742
8404
5365
3267
758
4579
8181
547
3522
1997
4476
1745
8672
8065
8334
2075
7715
8886
2507
4761
8691
6187
9622
10
7345
8726
9047
1705
2025
192
5398
6196
1174
3001
382
1069
6877
4445
9725
8912
4665
2079
2165
3955
2388
3930
7403
9383
9388
9980
2325
2529
104
112
4264
3240
8642
6858
1515
4487
994
1751
922
2459
4415
258
2518
9050
5749
2770
8497
6065
4608
262
988
7501
2759
1262
9489
3672
942
3400
9885
1847
430
5557
3819
9920
8853
8757
4984
1197
3996
3118
1305
1723
1876
2837
3035
8194
7081
330
4831
2608
9739
6632
8884
4646
8417
9592
1429
922
2642
2083
7337
2745
7124
8995
5993
9592
7539
5633
5715
2938
9322
8669
3312
9759
610
3946
503
5459
9899
4831
9336
4261
5558
9054
7678
1924
4545
5377
981
2227
6626
9509
9667
165
4191
9359
471
1388
1669
7539
5572
3374
7993
6943
6751
221
6137
102
792
7599
426
902
774
4630
501
8706
2032
6308
6296
7534
3411
3803
7967
2467
4691
6084
6665
9747
626
623
8384
6776
6483
6615
7584
1703
4053
9123
7556
2841
6432
4573
2503
2873
7127
4143
2118
2839
1144
4568
8138
9142
7670
4220
852
8297
8590
3977
600
181
4574
3902
1167
7252
3212
8268
3927
5348
7926
356
1375
8068
1722
2317
4401
9230
3881
6645
891
3724
8106
6683
32
4679
6397
9933
6875
7646
2080
529
3076
383
4116
1246
9208
656
8884
8211
6646
2731
1996
5702
9804
1172
2091
6559
9242
5391
1917
5569
6418
2468
545
1366
1261
9378
9739
9750
5034
4472
9774
9456
2196
4234
269
5031
3569
1987
6690
2290
6385
5634
4637
997
8630
1916
272
6236
109
6467
2390
2233
1228
726
9986
4367
8307
1571
1527
7599
1734
3280
8051
7681
1557
5307
6032
2753
7193
4028
5420
2328
9286
2769
7906
5498
6580
5077
7359
6258
9410
4496
137
7545
6969
7935
2483
1872
2497
2054
2047
5294
2494
1886
9954
6393
6841
4105
8084
1496
8720
1161
1169
9941
5277
7011
3075
809
7024
5979
7277
1330
5040
2917
920
296
8216
9606
9697
7104
5126
6841
3559
4238
3002
8651
7529
2755
3691
2530
2323
1761
371
2791
1157
4424
840
3691
3398
3660
7968
8785
6786
9366
5922
3154
3539
9930
8663
7325
6116
2019
6806
5051
306
3718
1881
5245
9484
8197
4308
472
9394
6400
2840
1629
5437
4868
5188
9543
3049
3131
7595
2675
2713
4250
7532
5266
4947
9946
2172
4931
4592
1784
6407
1027
1923
5376
1338
3888
1824
7354
1914
6454
5326
5091
3160
3700
8601
6337
4086
988
3709
8956
430
5670
7484
2430
838
6241
4081
1730
7248
7868
5279
5830
1060
8807
3848
1501
6517
2872
629
1893
755
8691
9195
929
8539
8336
1894
9867
1559
4147
7983
4923
2232
805
1885
2501
601
8288
6326
7319
7036
9361
3931
7857
1685
1057
4143
1211
7201
1036
336
6692
572
2328
991
2126
826
9890
5576
759
9891
9298
454
1004
6812
2723
1241
1148
7073
2250
6281
5570
4853
3180
1897
4769
7459
5672
1147
1506
579
5002
8216
3657
426
2202
4395
3718
2040
7079
9324
289
7918
3651
7686
3995
9210
5553
2005
9970
9825
8667
528
5994
3127
9171
595
4976
1348
1942
1356
4506
8486
228
7138
5136
2103
4552
3357
1392
3315
8113
1825
9530
5502
4110
7163
1339
812
556
698
7597
3922
530
6569
454
9988
7726
9806
5622
7344
1616
1537
7450
4628
9958
4509
512
6713
833
2753
3190
5951
5567
128
1697
5233
1738
8348
7307
415
8484
3907
1395
5454
6706
9413
3170
9912
2547
3845
5356
7695
606
3849
2695
5650
741
4393
7904
854
3906
6671
7802
5895
1505
2411
8104
1784
61
9922
9580
2512
8926
2113
7471
4299
6809
4991
6244
4782
5120
927
1560
5677
1754
727
4958
2837
2444
2627
8635
9389
3555
5649
7977
6496
2362
8622
4972
2560
1236
7013
5432
9652
2017
7569
664
8594
6326
1215
4132
2181
3002
6563
358
1115
2062
5526
4069
6589
8239
646
3828
6495
9261
4971
7116
2981
9587
9839
8321
8753
2644
6731
7257
8375
8441
891
7319
264
5964
2447
9178
511
9829
9099
2136
9332
6525
814
7747
3003
6316
3777
7814
1846
7429
841
6504
3515
7939
4441
143
2576
3063
2635
2566
6043
4954
8293
5281
6731
7831
5028
6077
6638
1485
2478
3255
3907
6000
1142
3298
7290
9235
6356
3658
6139
1395
4210
7012
5373
2725
1935
8403
36
6495
1971
3992
8482
8860
3291
8367
4732
3724
8985
4646
6540
5465
3478
6047
7741
1043
274
8679
2066
9042
3843
8695
1093
1424
2474
7401
3235
8094
9134
5330
9867
2810
9494
9285
627
5242
3294
9132
970
2375
9090
9821
3602
4274
7238
9878
9225
4666
131
1436
7356
6624
4535
6228
2221
1944
9485
6018
4720
442
8443
4658
7355
7104
3642
1316
2059
791
7484
4397
6998
2202
1033
1654
1379
6496
667
81
5011
1279
5673
7000
585
6180
9561
1066
524
2604
8306
1859
1026
537
2338
3327
1577
1396
9308
2546
2529
1682
3404
9721
1565
3027
5254
9795
9775
4025
7338
733
1072
4985
7250
390
8300
2452
113
6755
3560
1688
1218
3513
1820
5871
7188
5308
9869
9110
595
8850
9191
8464
4197
3870
9977
9892
5875
7298
7158
6536
2589
7409
8871
9583
5487
42
9974
7966
1283
1104
9911
9940
9716
215
349
1066
8368
7781
5058
8886
6356
2925
5550
9460
5837
8171
4090
3707
1761
4049
5477
9779
5658
4420
897
7500
9166
1214
6962
4086
7165
2369
885
2262
1744
792
8326
5765
5146
9428
2059
8002
3596
8124
809
780
4366
8864
5728
3374
9939
580
2386
50
314
7581
663
9157
9048
7052
788
2723
8513
3069
7115
490
7229
1954
3809
2919
6859
3193
2985
1722
6830
7382
8815
4609
1424
1985
8797
1954
4938
9782
4646
9723
8696
1443
2705
3604
636
5816
4856
6334
7853
2758
251
8917
9779
2765
5032
3261
5676
5236
4795
8418
4259
8759
5289
9205
1485
2309
9931
6674
506
6893
9194
3418
8533
9298
2584
2352
4831
890
9972
685
1603
8665
7442
3230
2221
176
7632
9130
9362
5977
4415
7208
536
961
3361
5079
1852
7816
6790
4452
8550
5042
7603
7367
2096
3167
9650
1075
5565
5248
1585
2092
721
2286
9623
1579
9362
7961
9122
7877
2986
4574
8089
8613
7821
2287
3565
7112
8194
753
6352
6373
1244
2475
8856
8341
5549
9345
8744
5139
4932
5274
2552
7413
7290
9386
8753
746
2455
3307
1658
169
5512
6160
4787
4552
6431
3388
1078
2435
3481
7637
8323
8741
8925
7029
1047
898
2356
7332
1264
6838
4237
4182
5900
5112
697
8936
7817
2737
9209
8523
3097
9984
436
132
2804
7696
8663
8329
8483
4258
6281
8188
3434
3731
2198
7188
7973
5668
8817
893
4102
2631
2298
3066
1002
3140
8693
1407
822
954
2072
9978
7643
1838
9624
1862
3159
3819
8793
5236
238
6333
7996
865
8970
8741
7065
1026
5302
6593
9591
2535
702
8669
557
907
7404
1053
6329
1541
35
6790
1653
216
6905
9098
5001
986
6192
3920
2017
5650
3740
1253
5623
5631
473
5330
7033
34
584
8160
9407
6261
2768
5268
6261
3511
7586
6189
2548
7285
4276
1973
6068
4142
9899
4610
4098
5878
7735
5926
3810
700
8261
1101
8993
9476
1747
4753
9297
9763
1539
2637
5826
9284
263
7964
4811
7332
7611
1960
5305
8087
624
1752
9883
3481
5812
5592
4509
884
4646
1925
5033
9402
4949
2326
8006
4306
383
2428
5795
3641
6055
1135
9243
8615
9705
929
8061
3943
9244
4031
9209
7663
1654
7244
1349
3374
178
4280
4956
9090
4806
3702
1293
3121
7889
9160
8158
7354
4996
3465
6624
5756
5607
2543
8414
8941
336
5264
5372
7273
6124
5201
3408
170
2021
2023
3465
1316
4234
1748
8699
608
9886
9967
178
5585
3041
6380
3307
3528
2461
7139
2150
7014
131
4592
2161
7509
3489
55
7028
6370
6535
7754
8177
9566
6348
6593
2913
9922
8325
1324
126
1528
2577
828
7432
3928
3776
2073
1851
4770
6204
2414
900
6206
1444
7262
9380
9247
455
7494
5291
2637
8929
2817
8330
3010
5809
8384
8354
1395
2969
5174
8165
3908
8306
7150
9072
9350
864
4877
549
6227
2383
2424
6145
9
471
9377
85
6112
1848
4996
8875
8127
3637
2063
9806
1933
2601
6227
4901
1356
561
8775
2866
6841
7342
133
2034
3695
6960
2262
1758
80
6475
5522
4837
1926
6605
304
1603
1564
3773
6902
5708
4480
1158
472
8615
971
7186
6939
6881
9484
6433
8150
7118
9859
7156
1732
2474
6698
4882
3957
5138
4481
9448
5928
1443
8872
2821
9958
4086
9506
8891
4484
2932
8458
1107
810
3596
9027
3807
8736
7838
1634
2261
9870
3871
9528
4538
5299
8526
2147
9330
1291
8711
6318
3296
324
5819
7350
7794
7092
8818
870
2590
3176
4142
4706
6033
1915
6426
6506
4972
1233
4999
490
9895
1048
1678
1150
7301
8351
2005
14
5173
7848
3331
3984
6568
7849
5328
1752
2074
2712
1617
5331
6814
8106
7677
225
359
5938
7139
9785
9739
4798
336
6620
1353
7643
9159
8766
8753
3625
9479
7095
9159
1579
2688
4607
538
6274
3788
3292
8093
6666
3903
1292
4528
1329
28
4371
8685
2808
5839
3978
9897
5666
9511
2944
533
3387
529
2387
5989
5260
5663
8068
8203
2689
535
4051
3038
5829
4229
9364
1213
9344
8220
8668
6960
4595
2438
4382
7482
1297
2698
8467
3787
9768
158
269
8739
2566
1132
6292
9896
4322
5554
2732
1100
4693
8993
9685
2922
907
6132
4184
8677
4448
8886
573
1888
8286
5359
5382
7865
2429
6251
8606
8013
2723
9134
1756
9148
8303
2557
6261
9617
1569
2299
6006
4051
9944
243
7612
7304
2832
8193
7094
5130
6228
1346
9923
9822
771
2929
9319
1119
1594
7864
1248
2962
7087
4210
2920
5112
5969
8576
1281
2554
4689
9325
2398
662
5814
4838
5439
1554
5381
8323
8078
9865
9479
3880
72
7823
1822
6800
8791
409
3674
1736
1989
7286
9570
671
2689
4624
9782
1972
4610
9902
5533
2679
9832
9182
5750
625
9509
3130
3735
883
3950
2337
5069
4833
1411
1213
8136
4010
8751
1833
7918
2136
5155
656
9346
7487
1289
3081
7265
6656
1002
6638
1173
4217
288
2499
3745
3821
2138
6686
2763
9452
2170
1123
4416
5384
7535
1867
3335
1874
9271
7836
5825
1693
9345
6535
4220
2840
653
523
6491
9368
5657
3239
1788
8419
1930
3676
7102
7941
2673
6196
4267
9584
9791
4964
2244
7839
6305
1624
3506
8628
5541
6564
7737
5871
6361
3878
9987
4132
8481
1634
3311
6920
3570
3968
1072
38
9743
7649
3669
7628
904
6658
6974
521
4510
8
1064
9043
4320
7173
3365
4485
5110
2510
1775
197
5038
959
8309
7975
4177
8499
2418
1719
8475
4113
8591
7517
1068
6761
4608
7594
3653
8563
6540
723
3621
1519
9457
4200
4154
2400
5618
8877
6171
3105
9375
8567
4656
8784
8836
1904
8448
613
3522
9007
4545
2749
3599
2979
9426
8000
4388
2617
9242
8956
8316
7860
2296
458
9317
8588
5408
511
8837
4918
980
7655
8042
2175
1522
4907
2617
6496
8172
9348
700
6855
5755
8919
5049
8826
2395
5754
8026
3078
3673
3142
9049
1584
8066
4134
318
5840
893
5737
4055
7705
737
5635
301
7815
683
2382
4864
4948
4292
6243
4754
1699
2046
6510
6052
2848
5441
1824
3848
7713
8273
7451
7945
2468
3578
5557
977
9664
7687
564
1998
4313
7936
1165
284
642
5925
814
6013
737
8400
4719
8089
7279
4866
2140
2182
3110
1913
7119
7965
2564
2046
9233
8375
5831
6602
1318
4825
6594
6075
5743
7554
2737
8486
7476
1606
5881
7002
5302
7898
8258
9969
8366
6422
2929
8868
6218
4878
5834
1984
1012
8088
9273
8266
6865
6165
3438
2788
9242
1469
8768
3372
1338
2538
189
7884
3498
5018
8821
700
7498
2043
6651
2536
5413
485
820
5736
172
9099
1986
2007
3699
1417
2310
1704
9748
8542
6275
7382
7966
1063
1151
2868
7381
5697
1391
9514
39
758
352
7017
7315
4142
8742
5815
8734
2617
8717
3128
930
140
6217
2395
3837
2289
8984
342
1068
9661
9009
742
1832
7069
8781
9354
5985
5469
1983
9113
2550
7904
9727
7448
5689
9577
3806
6345
5844
7408
4453
2967
4734
4053
688
1445
9196
1759
2193
1959
6746
6133
3817
3882
7059
6262
7818
3591
4758
4455
4056
302
3885
6081
3497
4992
1815
659
8629
1314
1662
5521
1462
7621
3322
5521
5716
5339
7717
8020
440
4773
2017
5970
1034
4637
7268
3197
8964
7846
