2553
5882
2933
8836
4596
1746
5055
4779
9977
4279
4571
1177
1940
8612
1512
7653
4404
8257
1456
2073
150
9095
4718
9865
4663
1533
964
3179
5037
6195
7952
2624
6978
4638
4120
8030
4688
627
5443
299
1960
8597
9039
5311
9252
6752
6698
7435
4019
2048
6785
6630
3555
6012
9187
4105
3776
6943
241
739
4030
1055
858
2185
3962
6208
1980
2914
5044
1189
6553
9539
668
4220
265
5013
5725
9159
1469
5538
6790
957
5116
6458
18
971
1946
1743
4879
7491
6968
1426
8929
7458
2653
727
9836
1497
6460
4613
6012
1223
3848
1528
7194
9889
9580
3847
7802
3641
2946
2207
5702
396
6292
8516
3027
1048
5494
1368
6570
1095
4926
2080
169
8875
9398
7198
7005
7010
6238
9744
3163
8796
5150
8239
408
6115
457
1929
1617
1045
1661
2328
7053
7961
3361
9082
4707
7005
5736
1739
7997
7453
6639
564
9587
2468
565
2421
5655
2082
1498
8714
3468
2890
6160
5221
2496
68
4462
7637
7469
7609
501
2665
3213
7490
877
5457
6874
6050
8173
1788
1616
147
6127
1296
8705
9084
7989
1865
4816
1646
1160
2953
3591
1709
7702
3726
6187
6222
840
369
5347
4316
240
7388
1571
3953
9363
436
3802
7377
8950
9558
5959
4538
6151
5895
3216
7076
320
8403
5764
7940
2883
2153
7123
2670
5718
6883
7522
1881
337
7786
2172
1364
5709
835
8357
679
6373
605
8402
9390
1040
497
7340
9878
5443
825
1268
8485
9631
5076
4149
1562
5824
7027
1818
2403
8506
5227
5851
9948
5200
4098
1791
5401
7919
1990
7578
2772
2670
6336
3273
6947
8066
228
2617
5484
2531
5283
9645
4568
342
6807
5106
8709
7880
4842
656
3989
6717
1170
3836
628
9179
1779
2215
2291
235
8948
6555
1991
521
3495
6241
1353
6004
3482
7492
744
856
2249
3113
3031
1999
3156
8140
2879
5684
5596
5248
2491
4416
7295
1921
784
4760
1560
1148
1583
2849
5502
3154
9106
6456
4506
8235
8663
5949
7927
2678
643
9188
8500
5078
3560
9263
1093
5008
5937
136
8603
6898
2185
2495
3590
6624
6289
403
724
8754
335
2131
4559
1318
1540
214
46
933
8611
4117
3108
7733
5763
1203
3534
1400
5056
3621
4993
6307
2575
2580
8672
6604
5503
6965
1922
5008
4138
6069
2051
1061
9292
1274
6433
8299
1259
3036
9056
1890
7385
9079
5978
9993
9519
5911
8938
2106
7341
5507
1105
414
4791
6918
1638
2293
5153
4484
1562
4685
6930
5986
2107
2091
2882
8594
1606
3600
5824
429
4262
6640
3152
7288
8128
7342
2626
7230
3497
4148
7746
9410
1383
9020
5711
4733
4357
525
291
1302
6424
9340
1797
7588
8485
7260
3044
287
2441
1094
1158
8344
2182
9356
3295
318
8558
6503
2461
6110
842
1408
4524
4940
8596
9888
1291
4637
241
1378
996
6023
7828
3203
7002
9813
7034
8913
5403
437
3175
9674
3252
9763
4826
1136
4411
6569
907
9216
2642
5006
102
224
670
2360
3978
5799
4793
1215
5430
5268
2090
665
7265
1053
872
5864
157
1853
2033
4424
3745
1538
5401
6403
7993
1070
4018
617
3460
6061
6210
9577
3134
1102
5633
1518
641
8373
7839
7793
9852
3363
7611
1306
2572
979
100
2152
2989
9521
6991
9332
3202
2198
4792
8722
5743
1347
7144
6632
4669
2634
7976
2514
9407
3176
2545
150
6340
9778
7649
4722
9990
2702
5282
203
4525
7144
5916
9358
2746
7809
3543
3543
8002
7713
5913
5912
1450
2148
2501
1134
4863
607
3882
2483
2823
9102
2047
1108
3467
9961
8747
2799
2291
5547
7570
908
8538
5963
675
4128
3845
2306
8648
8855
2006
214
8853
8669
5695
2286
8020
5767
4544
7729
7172
4120
9372
4636
2939
4071
7355
7711
1253
9854
5286
1085
7864
5919
7433
5456
6804
7382
2784
2766
1237
3887
3722
9616
3765
6423
1134
8561
8076
54
3324
6761
2214
9092
534
760
1526
2133
2445
9596
3652
9686
234
7141
4298
1789
3144
4189
9559
3243
1558
3103
6700
675
6293
9143
9167
7345
1452
876
1793
5879
6517
6543
7921
2274
8818
2619
5039
740
586
2732
1729
2068
7714
9525
1454
5726
3305
8510
9795
2868
5950
2455
2399
8079
270
8096
3644
1106
298
9891
1982
3005
5785
9226
1561
5575
3279
9522
5449
461
1034
3076
4105
6570
8268
5445
368
4524
1897
841
1200
3384
2764
5831
2151
5607
3614
789
8615
3349
3404
4895
5135
788
2958
1974
6005
1343
8474
5998
1179
6981
7685
4362
7759
439
1756
9040
1287
2863
8604
6917
3059
658
4302
3458
6221
5124
6159
7618
3858
9513
4759
4873
8022
6468
39
3560
4188
1725
7213
7976
7104
2811
1841
874
2505
3483
3536
4140
9207
3307
2218
250
1960
9292
2183
5263
4091
848
674
2282
6458
9952
3849
5737
8331
2401
2615
535
9116
6545
1628
1079
7311
9407
9448
2971
5463
3188
8281
1504
4510
5244
6176
7669
90
918
756
9800
7222
4882
6279
1797
1859
4813
2241
3092
200
3304
7501
2764
4919
8186
2109
2329
5104
9520
1090
1554
4875
6837
3392
6055
7856
8713
6849
9307
760
7615
922
849
759
4449
7793
955
5576
2985
8705
3944
9753
1772
7858
654
5798
2241
1776
3970
3002
9313
7527
8076
1817
2153
62
2408
3590
6106
2485
1375
9059
5726
1843
825
1830
9125
9144
7865
8719
2089
1324
519
2320
9995
4255
5162
6020
276
5832
9643
9975
7306
1389
7296
1907
1131
508
4872
5272
4936
3209
5104
1197
3095
6468
7365
4012
841
1671
3938
2466
5721
1976
6442
2453
8042
1905
3315
979
8123
2207
5450
1440
1608
2718
48
4651
7263
5205
9154
5676
599
4846
7795
3458
3542
3241
2265
94
4945
1352
6669
6361
1744
2500
2267
5622
3872
8953
5457
7845
5877
8154
8889
328
3743
6197
4953
6858
14
1180
653
1262
5317
9570
7297
7719
9620
9926
1492
9321
841
9866
5799
9
3993
6818
5477
4806
7795
2655
6945
441
1317
3650
9918
7724
4823
6675
1171
937
3119
3720
4466
3236
4726
2488
7535
8693
913
7012
6232
2912
1349
9709
2676
5855
567
4347
8777
9436
9713
4914
4740
7131
4779
5231
9892
9457
8315
884
3943
4894
6281
6374
9848
6488
4050
7822
7451
3923
4690
1545
6302
1307
8880
9079
6431
4702
8307
8293
738
2626
173
563
821
4640
9808
4923
2624
5040
1100
2959
1816
6801
7944
6475
2984
652
3635
2727
7590
3787
772
6068
1217
3097
3727
8049
2266
4656
21
4591
5161
9474
2082
6317
478
6996
5920
1308
8859
5971
1357
1676
8357
7564
8050
2383
9753
6287
1709
9002
750
1494
2195
9670
184
2680
5773
9630
7639
9424
23
4024
4
4289
3465
3528
5077
9356
9665
1227
734
2957
8971
455
8735
3686
8046
716
2962
5925
6094
7556
1334
1382
726
9706
6571
4313
5553
412
7140
1070
6894
4576
7392
7832
228
3721
3761
1412
796
2543
5615
396
2356
5651
373
4505
8115
1881
9581
1318
5255
2235
8761
6795
9639
1784
6206
5295
5954
5456
2081
3436
9653
3548
1904
79
7873
7534
1755
9516
8869
4144
9499
7428
578
2728
5064
4952
1647
75
3508
669
4487
1526
5759
7735
939
838
3551
3843
2217
8929
910
9785
1590
9265
5052
7457
7014
8538
9295
6262
1112
5944
3604
6876
6117
4560
4086
29
4595
2221
3865
1392
2497
8558
1135
1507
5377
1760
5524
154
7471
9643
1561
9621
3024
5545
2509
1136
8920
2183
988
3666
1786
8876
3315
783
9983
1427
321
7573
586
1800
8407
120
4818
3865
4240
8252
726
8763
8739
8115
9961
6580
809
1871
1955
9999
6877
3208
8917
1326
930
8283
1127
4902
8179
405
2125
5483
4437
1011
283
548
1817
2698
395
2625
2205
6466
2444
4318
1205
3586
7523
6128
5974
4473
647
1257
449
510
8513
6228
2056
9499
870
7005
200
6213
6562
4586
7644
9377
319
6757
4001
1424
2235
4655
1004
1955
8547
9158
3394
1647
8643
1023
7687
2018
2866
1741
2450
799
8802
1791
610
5063
4252
6427
2783
5127
718
173
7226
1763
6065
4212
3501
5045
9524
9945
7155
8884
1963
564
7172
6592
4159
2466
7124
873
3881
2131
9032
9341
470
2033
619
2793
483
965
1789
3284
1611
6620
3782
103
7157
4959
1312
7052
5506
359
2191
1486
949
1318
6864
6399
32
770
8773
8532
2168
1366
508
9559
383
2199
9421
8869
276
3911
7243
8801
1378
5707
2926
4687
1968
359
2598
4622
4077
5171
2019
9594
1437
750
959
8263
4577
889
7667
5319
470
2173
6887
5149
6701
8352
427
1242
5845
2342
8862
713
4511
1092
1874
3111
2082
36
9448
4148
4251
1057
2029
3103
6393
923
7642
4123
3991
5185
4916
1630
267
8304
7870
7965
6526
2255
7598
7290
5375
7127
527
2805
8915
1074
98
8568
8877
6341
6409
8473
7396
6575
1982
278
4753
3217
9256
6838
9593
3423
9410
690
1775
4534
7321
1838
8257
4785
2671
3392
8554
1864
3051
5306
9319
4124
8673
9847
6937
3708
2192
5183
1
449
3891
2212
4192
4505
7840
4012
9524
2778
3348
6854
9480
6664
6034
2582
3707
6989
3464
9826
6572
6704
6935
7664
5575
6117
3689
5806
9586
2067
6908
2787
3674
8813
8610
66
6651
8216
9598
4172
8108
2300
2244
9014
8305
8751
1728
9695
7045
7320
8337
4169
6592
2820
2374
5777
5416
2042
7314
3666
1646
2370
5888
4538
5142
6910
4772
7836
41
505
3188
585
9255
5680
4919
1657
209
1407
1820
4654
4792
6107
1725
9598
7278
2413
8201
7521
8932
9825
2259
7951
2212
9359
8630
138
3486
155
7086
5112
3780
4085
8672
5739
6467
2310
740
4874
5888
740
7888
2622
4120
1087
5849
2118
8796
3175
1230
1695
4095
6499
7314
1545
815
6035
1556
213
5675
8608
8044
9850
3254
2691
5798
3036
6659
5165
9624
4347
4774
6643
3965
743
9025
7403
6235
574
47
4883
4150
4606
8470
9273
6283
7404
6787
3656
8021
8424
1027
2494
3446
4542
882
8316
1249
3394
6338
155
4792
3063
5035
7272
2722
5377
1387
4837
1722
2168
3146
7278
4870
9013
7502
2760
1810
4077
2663
38
8305
6589
3985
1154
7935
42
9527
9506
1398
8648
7127
597
2781
2374
9108
7333
2051
2094
973
5053
1697
8641
2761
6653
8227
8593
1759
6217
1557
2950
9722
4016
5146
2979
6873
4099
8404
7275
9080
4774
6783
5376
8537
1685
3438
3697
9871
4264
4009
7392
2667
5410
8855
97
1243
7563
456
4534
4164
773
4791
1002
3501
9924
9918
6137
1605
5482
585
8290
8171
7480
4867
1082
9665
489
7154
4047
9999
2055
4813
2506
5414
9617
9201
5004
737
5584
254
1709
5522
498
5793
9756
5518
5879
3686
9996
746
9627
7995
9674
1403
949
2809
776
7494
2544
2101
3272
2609
5722
3143
658
7101
4318
6523
9130
1069
2848
3241
6974
8994
5807
2156
7384
1550
1026
2739
3236
919
9968
222
6378
4882
2293
1932
389
4129
9734
823
4053
615
1301
1837
5987
9679
5271
3450
8312
1857
4216
9206
865
93
5578
7551
6604
586
8300
9235
3752
7693
7348
4639
3422
6213
5180
3249
7833
4026
1345
2586
4668
139
327
666
4611
5743
1166
7626
9515
1459
1100
7624
8668
7753
5039
3425
2961
5883
6126
7789
5887
7930
2780
220
4186
1738
6006
1940
232
6764
4076
1023
3463
6040
3650
1856
9100
247
2573
5535
2535
1440
5939
4905
3821
7724
6825
4540
3132
9430
9485
9945
437
4672
1917
2666
2117
3776
7721
8407
8401
2566
9262
4787
7147
7442
4851
3504
4004
3264
4704
1442
1710
7632
3900
1619
37
8117
3740
8968
1093
1957
6087
4174
5707
7787
9529
7573
3499
8907
8767
6153
7895
2956
5646
