2654
1402
9667
1134
9434
2403
3237
2336
7550
296
9987
2542
118
7261
1341
843
6561
2381
2673
7677
6348
7485
1424
7942
8605
6674
3404
9639
9906
2774
2677
2503
2855
5497
9462
9742
2881
1525
6319
5227
6254
9222
6829
714
3603
4748
1975
2930
2331
3590
5195
7607
80
220
5378
8848
316
8177
4945
4720
5176
4598
5052
2350
7041
845
9300
6408
2711
879
7148
197
403
2694
554
9428
2542
3584
3729
6156
123
9651
4882
4704
6967
8881
682
8736
5334
1126
3998
3402
3584
2431
1426
6237
1405
871
6447
1344
6478
9412
8136
4380
205
1700
3634
9458
2798
4370
227
7841
8933
7298
367
1263
2786
6679
4834
541
278
7261
6313
4924
5601
287
8597
8139
6686
6680
900
6165
2006
2892
1864
983
4226
5960
2328
1273
9450
60
5265
5852
2292
5827
6836
6506
3589
7474
2736
4980
134
4286
5896
8219
5383
1122
6297
2578
7507
1935
4741
4939
8043
4978
8324
9290
9398
6697
8394
2273
8496
7027
8983
1364
7628
2213
9439
3820
1877
1952
1170
1607
8250
6944
7780
3618
4596
3661
6137
7387
5800
7980
7249
5898
5316
7209
9380
3598
9953
9404
7371
8488
6210
8462
4459
4397
6903
462
2643
9050
1073
4214
9853
7761
2507
3178
5255
3913
5827
5568
7132
3707
9091
3189
9786
6970
3767
7950
1537
4285
191
7247
3065
1171
2551
2680
9413
4454
443
552
9179
2203
4873
713
374
4089
1920
7971
5400
6056
877
4100
5705
3229
7741
7438
6445
243
7024
8980
4243
2270
8310
5957
5831
1269
8400
5881
6205
2643
8645
9493
31
4687
5131
7495
1736
4550
5569
3977
9084
6694
3529
1632
2919
951
2177
1045
636
7503
693
6137
8815
9021
7038
4471
1518
5600
7675
9381
1838
619
4731
1969
9977
8660
8444
1250
4813
884
2602
9179
9903
9400
1250
2897
4480
5184
6720
6892
8502
7458
9599
1441
8450
4844
7470
463
9768
1731
9685
4089
6250
583
3058
9703
4814
2149
5095
1029
3417
3670
3293
6473
8009
9149
9016
3272
3501
4783
4697
5535
2733
2983
5012
6499
6515
7827
767
5875
1241
5865
8486
1561
2960
8048
2516
5914
4131
113
7346
8235
3237
1270
5222
5785
4576
6137
7194
4964
7734
6387
3329
4563
1521
9412
7422
5273
6550
6606
925
5853
4861
1131
4581
2945
6722
9069
361
7029
246
5495
6675
4918
4602
5357
8798
1308
1804
4722
3663
824
5102
8237
2669
7539
5134
710
6532
6845
1204
3123
3065
2579
573
354
456
36
3100
3014
3914
6510
2030
9873
8246
2721
5248
8146
5560
4917
2916
3429
2750
3297
2643
3592
73
9527
1044
1597
1258
947
7772
2636
9612
1439
7642
8817
2283
1456
6132
2564
8861
3788
2143
8986
1967
8405
319
5167
1583
8278
6628
3239
5232
8242
329
1786
8496
4324
3277
9896
1441
6900
9244
3710
292
2088
2531
4902
5446
6475
6195
942
8188
4267
8740
3800
8667
3850
2362
8024
8544
6265
974
9295
6633
8339
8
2699
2017
7237
2409
8652
7195
6379
4961
5457
4257
2916
1023
516
73
9481
6609
4684
479
383
996
9444
3919
1587
275
3337
9241
786
6722
3670
630
1392
5407
3992
3726
9539
8985
5074
9551
1709
1670
7536
6900
1053
2690
664
1689
7219
2565
870
5450
7781
1880
5205
2511
8207
1418
3802
8249
6957
3953
5366
8412
3087
8715
4932
6134
9535
2863
8830
5995
7571
9053
2914
268
2363
9833
1107
1617
8789
6664
2659
1819
9134
2618
2835
154
947
9500
8190
1269
1392
5481
3077
2087
4230
2941
9801
3526
3210
4931
5456
1519
997
5903
637
3718
4214
1303
708
1044
1173
8913
8223
4965
7559
989
8247
7301
4932
1164
288
4072
9446
3434
2425
1274
5216
9560
8956
5783
1875
1567
1240
2040
6907
5656
4764
9433
2710
4216
3555
4196
6475
1191
4575
4803
442
7503
4278
856
2111
4934
7195
8024
737
2676
431
9277
7092
9157
537
1150
8989
2939
1105
2686
5338
4684
961
2432
5458
9475
3426
8984
1917
2791
9275
9612
2198
1983
700
6940
5081
3970
2085
7324
8097
7384
9340
318
3255
6960
1524
7939
3334
239
6903
7802
5919
8470
4381
8861
6036
6237
2735
7004
4311
3172
426
7737
2156
6991
6975
885
8795
4371
1441
9005
8616
1700
2793
1663
9462
1131
1147
7295
4138
5683
2939
3711
6162
2668
4546
9404
9524
4691
1883
7363
1118
3671
9447
5888
9442
1633
6728
1713
3324
1349
6766
2931
8126
1854
6892
1496
6585
1711
3008
3195
2130
2510
7690
424
1463
7576
5994
3106
5269
8809
7142
7323
2155
265
1062
8075
9152
6045
3277
3188
1095
4754
5634
4567
8433
9564
1900
1685
6148
3382
2957
5215
2306
4984
6552
7167
9574
893
9339
9083
3062
8058
2
1656
2357
9105
7781
6672
649
5855
4105
2760
7950
7376
1697
2205
8370
7576
9480
8846
9264
5467
2925
8526
104
8393
1856
2378
7836
2201
5741
2043
2489
8461
6123
8819
9014
8216
949
4122
9273
3245
9152
2624
1024
3877
860
1445
2746
9657
2046
8807
9399
224
8148
2840
759
6282
2859
6479
7003
1248
4141
9535
814
7063
8086
3718
7300
3031
9699
1227
6330
1420
6992
366
867
6329
6160
4543
9576
601
5120
1084
670
9024
4411
1760
2713
5988
8512
809
4656
9663
5085
1932
626
3638
5406
8773
4746
9154
3702
3332
161
1846
4186
9377
5913
8680
7356
5525
9435
8990
9442
9937
9551
3409
809
6192
3144
5870
4690
1455
1788
9241
4135
7977
9430
45
7290
4553
6764
1299
1475
9669
5080
4247
5931
8436
8658
7813
3049
4019
576
8897
2680
545
2100
6798
6985
2639
6264
5310
8674
953
691
6423
2930
943
1758
3636
9870
3614
1121
1589
6551
6776
6900
4898
7113
1070
2244
6958
679
8013
1053
952
9438
2835
7795
14
5887
436
9491
4716
2962
8288
5361
2289
888
5238
884
22
680
487
7944
2317
8535
1258
7407
1103
2315
4490
7700
7812
4409
2796
2121
1280
5708
3180
5698
4057
1015
4518
1744
9989
4217
4425
1091
5328
739
2568
1581
1368
5242
3390
5236
7652
344
3612
2655
2892
283
652
5643
5652
8301
4790
1011
5321
2713
1643
2761
1795
1943
7121
681
6348
3267
4018
1060
8668
4054
5769
4594
5334
2180
9758
6126
9170
2680
1639
1906
5144
6689
2432
1811
8694
3136
2185
7515
8482
5837
5794
2757
7982
3259
8845
8228
7272
632
9227
9095
2842
4653
4979
9408
6132
871
9002
8860
5853
2315
442
4217
9937
6900
7453
9826
9793
1307
9831
1865
2721
4624
1358
2874
3063
3922
3119
6748
1734
6524
7602
5846
264
5199
3167
2534
3468
2091
6986
1273
8560
3805
1781
9087
5903
446
9784
2899
9210
2981
7113
268
3789
1081
4337
2657
9370
2378
8976
1170
5262
5320
6972
2614
6281
1662
1668
932
839
780
3259
1852
8320
545
9190
7519
5463
9315
9949
4891
9084
7170
9017
1493
2927
8612
8887
4003
8338
3150
5509
1336
7169
5560
6083
291
5352
2269
1881
8591
5529
1569
4880
1435
806
3714
7328
7545
9298
6893
448
2017
1725
2369
3359
9219
7933
312
1143
6693
7107
9599
1886
9647
6736
1007
5661
4888
4872
9614
806
5469
7552
8787
9828
3218
3565
7798
924
4877
6345
6260
235
2848
1321
4212
6320
9687
2096
1736
9224
2864
4694
7337
1163
1712
8090
4058
2885
5828
8585
1303
2744
3032
9004
918
5296
1044
9848
5066
7542
5023
9334
4660
4712
3838
9464
579
1382
2346
9732
9839
2164
9774
4757
818
934
4643
2558
9567
6912
3831
5933
1026
5888
1478
1947
6149
3224
5583
6483
9391
336
9462
4780
4558
1260
1031
7917
2667
4860
5383
1707
5736
3747
9797
8359
2279
4394
1523
3554
2081
583
5795
8236
248
2968
6981
4997
6823
9238
8152
3238
9664
5301
5647
4694
7054
3713
3885
320
4980
4196
8487
4385
5767
4205
7663
3970
2793
7567
2468
9981
2017
8723
5445
1455
6513
2316
2743
7793
4979
5409
2422
52
8086
8496
8061
4876
2940
7883
1448
4958
8096
1372
2845
7917
434
2983
8754
1937
8453
4840
799
1766
3311
2602
4387
6194
7907
622
7941
997
6821
3029
9954
3211
7402
4340
4395
2148
5469
502
2359
7518
377
9495
5622
3476
1640
8745
5272
2779
8659
7905
1343
9866
233
5476
2114
5991
3064
9117
488
3532
1007
8134
1890
9170
9201
90
9373
1594
3759
285
8670
1093
732
8976
8246
498
6510
1073
72
1655
1653
4049
7660
9020
576
1515
4943
731
6695
155
9800
8109
4833
7676
7265
4556
85
302
5394
4849
7684
690
2021
3421
4141
5822
5352
2206
6330
9825
1128
1130
7931
6159
342
2228
2469
9640
9842
8768
1290
8929
1262
8461
3580
592
7463
2344
5498
3427
184
6279
2982
6094
4704
9646
8899
1641
8611
80
9317
3013
6003
117
9591
4423
7663
3517
4794
7983
8894
9268
8181
7930
7296
6583
3928
2268
1753
3975
3135
2451
6386
2331
620
90
3070
9548
1079
871
2895
2156
615
6161
142
1525
3747
2923
4923
7934
597
8362
6541
9867
949
8012
3526
5492
6721
67
4527
4470
2296
5959
3667
6656
196
8255
9650
4791
66
5253
113
9201
2298
5710
1350
3550
827
7512
8928
4316
1558
4577
2343
4546
4782
2863
7081
1995
2496
5043
7000
1788
2828
8135
5967
4984
9294
2608
1032
2735
1322
421
2615
5764
6131
7321
8078
8382
95
5171
9688
6995
108
6876
8216
2987
2649
1770
3826
3923
4248
224
6563
8530
2357
5993
4901
1305
4133
8863
9988
4324
8088
6548
9782
2956
8043
1395
8366
4559
5836
2951
1482
4091
1785
4724
3957
3985
830
1319
3895
7364
6370
7858
7435
1934
4586
9382
1880
7871
627
235
578
1732
4151
9402
9730
7377
892
2022
2610
5262
2877
6262
4563
7514
2876
6800
4485
3739
6149
9228
624
2196
183
3874
8956
9416
3764
981
4291
7953
1615
865
5815
5187
2139
3114
3787
6651
9995
6976
1855
6604
7651
5055
6212
4665
8304
8232
9839
5857
8743
7747
1623
1027
6705
6185
8346
261
7449
6306
8253
1379
2397
2403
2763
8909
2461
9121
3074
2193
2064
4304
9503
3815
1608
405
6919
9502
2683
6131
9646
5821
2058
259
469
1313
1111
9152
7949
5639
3747
9231
1389
7943
4140
1888
9142
7937
8837
7219
9157
912
743
211
1304
2292
6746
695
5910
1476
4795
1291
1418
2051
7322
2978
7772
3238
1040
1880
9695
5178
4075
935
2826
2281
8765
3870
2257
248
5532
4507
630
9034
2132
5647
900
2076
3897
8196
9445
6591
5876
6488
553
2079
4603
9419
4584
5247
8290
1633
6165
2093
3158
5430
4895
9000
1294
9349
7301
1222
122
6449
2063
2748
6495
2481
7049
7848
1681
6952
1459
6347
1324
945
4801
841
1750
1461
6226
2336
8826
418
9530
9769
6269
618
4197
6492
7506
1303
4584
884
6260
1339
6763
3097
8260
2856
861
4460
2025
9372
1216
3265
3471
5869
1504
3447
9925
1052
6754
4999
8302
9456
2610
1760
1990
3414
8832
6940
9045
870
9539
1132
2613
307
9535
8318
4311
4308
5808
8642
168
695
2891
9187
1572
6149
8652
6881
3595
1265
1726
3045
4834
6418
2285
736
6688
4619
2873
3548
2780
9460
7183
6802
3925
7312
3924
5967
5698
1882
6003
1764
9130
1761
454
5918
4578
8656
9354
2770
5014
2477
5438
1778
2405
5429
4379
9535
8330
2342
1897
5018
6979
2166
3186
1841
5485
1912
4978
1862
3163
7072
7919
5369
8004
3475
1087
1818
8368
3946
9074
5677
5273
5133
923
4763
5751
2589
1540
5636
4372
5816
7452
3837
2366
7773
8340
369
1423
969
3714
2843
1611
5059
381
5640
9197
2340
6234
9035
217
83
5633
9277
481
804
9951
9351
2712
3218
6008
1161
9407
8815
879
9049
3829
9803
256
8381
5356
5235
8185
9540
2876
5767
100
3402
5661
457
6078
2444
5393
525
7498
4649
5587
8367
8556
6683
9116
6317
6198
1169
4745
3472
8440
2424
3186
8234
2728
4807
5269
2
6881
8075
1250
5573
8908
6886
8129
7231
6774
6245
2261
1768
2727
282
6085
5058
5985
6159
4952
2870
4590
4300
6070
1990
1713
6759
1947
2255
844
455
4166
3395
2563
8360
9659
66
5456
8965
8939
7662
1510
7360
2710
5697
7264
2070
2484
946
8513
5439
1611
310
9839
7658
4080
7701
7198
4166
3019
275
8637
8012
1124
7429
2258
1331
6249
5759
4580
9917
2678
5115
1150
2032
8966
1709
9405
5017
9668
641
5621
8736
8472
5286
1896
4695
8316
8471
1185
2256
4535
4384
1431
3095
5768
5893
670
8949
3333
2199
7939
1898
5544
3020
1885
4766
4003
120
2566
7065
4767
8174
8296
8520
3543
6425
4129
1801
566
7766
8705
6894
3259
8655
736
5969
1031
939
2300
6961
7388
1566
2310
0
8747
4879
7584
5557
9437
1523
8049
795
3753
6580
9024
2758
4531
3276
5021
4477
4229
7414
759
7738
3945
6373
4881
6007
4867
317
384
3846
110
6310
7886
1192
6806
2551
6381
957
2099
1899
6744
3434
7617
27
1793
1499
6067
2898
5414
1157
479
6546
7087
8230
7214
7275
81
8283
2359
1844
6899
7400
9067
9802
6155
7084
7556
7969
2384
8539
4696
9211
4662
6846
6187
2749
1035
287
2476
505
5736
9392
1040
9891
4458
7312
6145
3079
4908
4219
2552
8935
7026
3677
9813
158
2017
6690
4903
8658
9497
1371
7917
6164
1227
303
9837
4575
3744
159
2248
8822
2596
2427
6475
539
86
7710
3512
6423
8580
937
4386
5071
5744
6994
6536
9181
2730
3668
7773
4977
6537
4607
6616
9152
7160
485
6724
935
4588
8708
801
4256
6664
7097
2363
3355
8216
3175
3486
7453
7141
7438
6292
9334
1238
8218
8648
650
668
4614
3928
2886
4881
597
7047
1016
6592
8711
3844
1796
8035
7311
3245
5198
6491
3167
359
2624
6300
1250
2696
1
7284
1830
2774
6401
434
945
4194
9271
6094
9701
6150
8410
6350
1010
686
6581
8779
941
5976
1016
1758
2845
8855
958
1281
575
2664
8878
1585
2202
1935
4352
5293
692
4412
1016
49
8094
6442
18
3325
7572
6060
405
2562
8543
408
7118
2561
544
3971
6993
4934
5971
9360
8355
4296
5607
7555
9300
6235
5621
1690
2767
8101
4183
6802
760
1717
8073
57
6025
5628
449
3058
3329
47
1380
1546
3115
1903
5530
3699
2014
5477
8377
7893
7894
4977
4719
5558
8382
7736
6589
3845
6726
2229
8161
4380
1571
9632
314
2166
5169
324
1787
2625
4469
3425
7030
830
4276
4180
4077
2634
143
5565
7244
4513
9294
6826
1774
1571
6209
1253
6742
2742
4154
2085
361
9366
2224
1193
3574
8526
9012
2623
3093
781
9476
9466
5729
4685
6755
830
3479
503
9335
7822
9071
4500
1491
3993
8042
8275
2938
8984
444
2418
9432
4429
3165
7285
6030
9776
3802
116
1097
5619
7104
1333
5773
7499
1499
1992
8683
1173
3963
8637
2080
4666
5852
1771
9871
2984
3900
3362
7086
9098
1380
8307
6153
3907
9118
6980
190
8549
9035
4849
4182
1993
2902
6925
4678
62
2157
7505
1879
2415
4870
3382
9237
4489
3370
9936
9034
952
2669
8899
0
8500
5964
2771
2654
4755
9883
7833
9215
3890
2800
4795
4711
9548
2508
746
337
8431
1007
1195
7380
4116
8476
7161
4489
1653
5666
2292
2795
9114
9541
9202
337
8364
2691
630
8197
1857
53
5306
5970
914
9654
6191
1106
6734
7056
3771
1439
8147
7914
2731
960
8191
6167
2943
4359
2026
7805
3544
4186
2096
4349
4662
5111
5834
22
8106
1252
9689
6107
9876
628
1767
700
496
1006
1593
610
5810
563
3487
994
7650
9323
4438
9504
9774
965
5738
1406
3613
2687
6884
2631
1747
6934
9560
208
3873
5042
606
1920
859
4489
6273
7014
7804
5735
7286
3587
1691
4825
4704
9394
2238
1144
540
4685
1710
6492
8894
819
3822
6995
2813
740
9177
8487
6923
2051
774
3704
2091
8780
5355
3389
4050
4512
3428
1360
2093
2102
5085
5235
6315
515
1419
1555
8243
8084
8892
5959
6334
6945
5185
5020
7109
3494
39
2518
4047
9850
1342
592
1209
9850
9301
4293
692
6316
4084
401
9414
6912
204
7340
1573
1081
7044
7664
5467
2417
7529
5510
4404
8945
2880
1124
9346
4824
9676
5669
8554
8924
9510
6573
2914
5696
886
4233
529
7628
6180
9063
5002
5121
9046
2283
6944
7777
3421
266
6961
3341
6083
3066
947
7003
1779
1649
4221
8831
9502
6354
6803
8385
1667
7900
2807
4297
7144
309
2157
9144
285
5528
5262
2299
9681
4045
8683
3842
9023
4902
8121
3916
7389
437
4254
5094
6448
9387
4316
1493
4242
4112
6659
2837
1133
5573
549
1031
5648
3515
144
2585
2194
2726
3422
3127
3490
4964
6257
9070
9250
5266
1167
9079
6530
6738
7936
5451
83
813
9037
8962
1936
1318
4720
8968
5390
2572
9218
3160
7286
3849
5031
7932
6335
8979
3360
9694
2402
4683
634
453
6430
5328
4503
1173
4667
3914
519
1329
6637
2682
1201
9261
2873
4886
3557
664
4377
5563
1478
5346
6256
7970
7155
4482
4062
112
4072
8727
6126
1207
4285
9835
9821
2743
586
7185
9035
5040
7566
9775
399
4369
5987
7824
4474
1146
9
1132
9435
426
5115
9660
1771
9839
4531
7028
1955
8410
1381
4363
5976
2610
2885
1782
8372
6089
9764
1505
9120
7728
3369
562
9178
8293
8156
253
6416
2679
9653
1837
1593
2256
3032
2814
4651
3483
4971
8622
7990
5363
4524
8145
5517
9798
1909
1891
5198
6978
262
3167
6014
7952
961
8316
6648
7789
3122
8501
4449
8717
6799
8032
8814
2599
6021
8929
731
1293
2258
8869
7073
1684
5091
3489
9921
9273
7274
2310
5870
2417
2669
8611
8592
1754
4878
4856
8946
2647
1418
218
2103
5798
7262
464
5985
2216
4459
6762
4687
1259
6148
5632
3803
9003
7028
1221
9373
3136
1926
7917
4593
6924
9921
1680
1800
775
8391
1325
9133
163
404
2168
8988
6057
2829
9201
7688
6614
9374
6952
6210
1436
664
7800
6941
6460
9399
2339
135
792
9258
5670
8032
8697
2840
8100
2841
5017
3507
4359
1670
8558
8086
4049
8019
1695
9556
4272
2667
6687
8619
5835
1068
9948
1330
2520
7708
9646
6390
6948
6253
8
2454
2496
2541
2389
7371
3762
6047
6256
975
9910
9009
2497
354
4673
2661
3280
9465
7793
6598
6373
3461
6097
8340
3281
6879
3494
5957
599
68
5328
609
1381
7910
9110
5877
160
1809
3672
5242
157
5806
1130
9465
4160
2692
257
4159
8679
6084
1840
4845
4997
1992
3357
4883
755
307
2681
6766
7815
2094
5165
3869
5579
3521
2776
8253
9565
9573
8537
3085
9694
8985
8789
6579
3880
2935
4425
5362
6886
1680
577
9704
9398
190
5114
6398
4522
3354
3063
2138
4526
2009
6021
7243
1631
1451
9023
1279
8426
9196
8173
21
6198
233
850
8056
2264
2333
970
1371
4200
18
3659
7633
2860
4679
3506
3601
9566
9255
5886
2713
7655
4478
2098
8018
5869
1541
6106
9027
5493
7100
9806
5333
1070
776
1834
8529
2550
8961
7273
8895
2517
6369
6237
2018
2357
3380
842
3283
3703
4455
8944
4352
572
6516
3301
6790
8518
6193
7130
2493
1492
6531
5300
554
5779
3339
49
9558
3773
8778
1936
6889
3802
6441
5544
1469
9606
3158
6840
5547
349
5197
5527
2610
1395
260
3117
9173
8810
1014
5162
1310
3601
4148
3929
1590
5686
6619
6533
2397
363
98
7154
5918
3908
5742
1542
3230
2771
4938
7561
1039
5753
5400
2717
8911
4691
5733
7969
9621
2633
3118
9826
8627
976
3436
5136
6598
689
3581
1641
2464
1495
9122
8049
1560
7701
5754
7984
1470
3709
293
4770
954
8992
1544
5850
9901
8710
2544
8919
3132
418
8353
9001
7931
9226
1292
7475
9809
3521
398
3990
4869
2793
7165
1623
5471
6701
3927
6880
5587
1780
5917
2107
9797
9215
7788
6820
1917
6449
8190
4438
8018
3719
1303
1593
7935
7642
1442
6908
5998
8039
7510
452
8886
9098
5135
7817
2615
4204
7512
9560
6370
7269
5328
620
5382
6698
8086
3010
9937
4592
2518
4873
368
8629
822
3062
7042
3027
5492
6802
6021
5406
6856
8927
717
1696
4591
149
2976
7395
1432
4551
8778
2435
5459
3233
6071
1782
9601
5599
4154
1799
6030
742
2352
9603
8969
8830
7821
340
169
7932
1275
9617
3584
3865
1788
3860
9443
606
904
8000
4883
5232
223
3229
5597
5804
6300
2116
8232
4018
6163
419
6049
7205
6681
6694
9306
6402
4236
4815
7321
2947
8178
3027
9876
7979
2157
5310
5957
286
7474
8869
4087
7708
7815
3108
148
6069
8288
6471
6910
4255
17
310
7784
4063
9379
7259
2424
6016
1009
9838
1149
7436
7511
828
1118
9472
8813
2215
5520
7693
893
158
2949
1874
7294
3687
344
3643
7562
6454
1772
5028
1169
9485
4327
8522
9778
9782
6597
4461
3196
777
974
565
5078
2746
9729
3103
1198
2725
165
8737
1621
7621
2401
5886
6859
4087
6361
1072
2961
3738
3226
1607
4761
7934
1125
9667
4996
46
7126
6785
9374
4984
4002
2736
9992
5166
5806
4656
158
1442
1519
1204
8961
2605
2115
1684
4402
7118
2433
5550
3871
5595
4882
286
8397
7633
3217
2282
8222
9439
814
9061
3985
724
9793
7930
1908
6246
4772
8171
4524
2181
797
3055
7225
9294
7735
9472
6451
2039
681
8905
2988
2128
4620
2855
5548
4239
1818
4735
5958
2174
440
8385
3933
3779
260
3062
3797
8037
6962
1477
6232
5208
8156
9654
9573
9174
1934
3240
7518
89
5580
4848
6318
6274
1820
3184
7672
8156
9441
1093
9722
8069
4754
2876
3049
845
5205
6929
4702
7125
5273
666
2440
5532
5048
2710
4176
7622
7832
766
750
1721
2251
22
7649
3803
1838
2346
7628
7942
2009
4536
2635
7002
2298
4444
6561
7840
9544
8494
1449
8463
280
2851
7234
6322
814
2403
814
4554
5575
9798
8991
3841
5411
184
9608
8847
8763
3495
7966
9666
7804
1179
2839
4455
9297
7728
7688
5420
550
8600
1409
9832
2355
1697
8865
8253
8205
5256
7046
8249
4051
157
4771
9803
2125
6793
9839
75
951
2516
5401
5846
2990
6251
7312
1504
4535
9449
5513
7931
618
2729
793
9085
5075
837
5275
5687
1268
729
5446
7053
8119
7171
7554
4940
2877
7649
4826
49
5499
1847
6339
5452
556
5148
5284
3764
4474
9057
1582
6167
24
2067
3594
2434
6287
8750
4102
2199
4700
7395
2960
7673
4138
9946
8201
3803
7739
730
8837
5870
2707
4949
4117
3903
6907
7912
7592
743
2609
7028
9897
2903
8636
1380
4351
8927
9807
1114
1614
3347
3846
3996
1551
4121
9972
3086
28
1862
6371
8652
9446
2999
2674
778
1764
4128
8035
9223
5618
2016
1169
3154
327
129
4202
8370
3678
4910
8190
164
2071
8373
876
6682
9256
8772
9453
517
3287
4862
1851
1438
4776
9734
8705
4844
942
4448
2287
3934
5761
9991
1123
7195
732
756
9597
5380
9969
7863
8258
7450
5600
2968
318
3479
9127
4067
684
8889
5149
6703
9609
3753
1788
7199
5607
915
1301
3455
1428
6010
8787
7142
2175
8225
4839
733
42
2160
459
5328
5568
8957
312
336
2874
2585
3059
8045
7739
1408
9720
3265
4664
7667
2463
6593
4161
3784
3890
3430
6808
2351
4952
4308
2769
815
7127
5872
5886
7574
7402
447
1653
5521
2959
7363
6074
1308
3492
1578
6192
2303
5265
2409
2687
7128
2090
236
2178
9268
6687
339
9369
1734
3351
5160
5612
561
7946
7787
5355
8947
9124
901
2309
3468
5511
1857
9802
9895
6176
1135
355
1300
2510
5681
1701
9020
9268
4993
677
4206
4596
7656
3466
7579
9156
3436
9386
2374
101
3485
9036
4425
7261
3791
9307
153
8571
4665
1825
3229
7408
490
6046
1910
3580
1077
4852
9337
8673
8849
2178
9228
2216
9777
3045
3474
9786
8473
1508
1132
564
7481
9865
3383
1234
2463
3152
1185
7968
2026
7797
841
4029
1777
7813
1434
5820
4102
7636
1481
7232
9862
3470
455
1075
5841
7173
415
4270
5203
6430
8266
1528
7976
8666
8780
6539
9683
1384
8732
8164
7688
5725
4135
8958
2728
6181
5434
5210
1183
6201
1790
6243
8920
4546
568
6862
5909
2796
5747
6653
1394
6277
6230
8290
2387
1381
3743
1978
7226
4748
3214
8841
9083
3205
216
2893
5613
5941
493
189
7961
3520
2949
9254
2509
6904
7735
4962
4788
9221
2511
7052
2114
2975
5738
6898
4580
3544
1572
1374
7997
5493
3316
1083
93
1249
2538
5373
6596
620
1455
3359
2057
5979
7813
8653
7185
777
6682
449
6498
869
2865
6132
795
4419
1293
2037
402
4100
4680
7389
493
4602
7040
1196
2115
7694
4723
955
9142
5249
2482
7014
4778
4026
6644
4611
5098
3431
4862
7037
5980
1756
1899
633
9233
7243
5658
848
4915
8820
5648
3230
521
1798
2351
8591
1931
1022
7802
7504
2313
827
464
377
9412
1520
1581
607
1233
2574
1812
6421
2920
2072
6583
2314
991
2346
5381
1871
6865
1359
4466
2651
2244
1069
3769
6192
9365
2077
4680
1726
5242
9861
8848
6836
5694
7443
4934
3436
6173
7418
9801
1699
3455
3307
5761
1769
3533
1071
5273
8870
9743
7730
234
8246
2662
2378
6838
31
6865
6816
8437
5345
5422
3589
3805
2233
2577
4834
889
3196
3331
1436
2117
131
2936
3125
3978
7380
4384
4559
3931
4239
5198
4590
4991
2095
3311
7186
888
4128
9922
3553
6790
3393
412
1991
830
3814
993
5678
6569
7773
3426
6844
1370
4200
5930
8784
2127
3596
1139
7154
978
5599
7917
8190
2649
648
5148
2929
7984
3900
4942
5723
2101
6981
3373
2076
3675
1277
30
6019
2678
1123
1068
9064
7369
5022
3454
9893
4039
5420
9756
7470
8766
1967
5212
9897
4528
8140
906
1308
9504
1692
4787
7408
1373
4997
7531
8531
4349
8491
1815
2549
1151
517
5404
7782
2006
8938
5739
3949
5416
8396
6260
7328
4493
9292
7436
6201
9355
6579
6150
2762
2321
9544
7061
9515
9014
2408
4475
5840
1417
3479
3866
1553
7507
8242
3944
6955
8197
919
9468
3566
9373
8616
9510
8345
2559
3210
3096
1473
7731
6821
334
3704
9866
6422
3054
836
9602
1959
5861
4458
1702
9496
1210
7199
7433
8186
7033
978
8821
1163
3303
3715
3659
1010
6725
9815
2212
9057
2682
6913
431
263
4690
4810
5528
5457
6035
8050
9595
9710
8945
3578
7523
1188
9797
1537
4023
9257
5079
4046
1607
4030
2356
7248
6203
1057
5194
830
7135
3560
5895
4365
2871
8853
1573
5497
7549
2237
2960
4656
7326
7792
8282
1132
513
135
318
3446
7779
3673
6858
8032
4249
806
3721
9373
1273
6486
5038
924
8621
5912
8889
3563
5108
5077
644
3915
6900
3751
2763
7571
4063
6118
9559
9317
570
7609
7153
2450
8314
2492
8445
7367
993
6944
5409
7655
1608
2160
9212
2192
7931
6700
9798
1061
4604
270
2690
6955
5573
9443
3596
3299
5718
679
1291
6299
5847
1806
6659
3196
8177
1788
7042
4161
9876
352
179
305
9056
5195
6264
1641
112
8968
438
4066
3465
777
5802
241
9351
155
58
3465
2842
5246
6536
1751
8287
5091
1646
9920
1793
8183
9923
322
8895
3104
4475
5126
105
8782
344
6078
1239
2691
1847
9373
8438
6258
3665
6435
2275
1957
3201
4814
7864
9665
5003
4082
8092
2284
4137
4740
3758
7134
1660
965
8135
4200
2248
7804
8657
3890
2906
1041
1171
9244
2565
1660
9203
2444
2801
1398
2176
9548
8819
1974
8912
4326
945
436
9252
2369
5372
7662
7783
4651
721
2706
3172
2334
2843
6380
6009
334
996
2517
5265
5218
3764
3493
1790
8381
2564
6971
5145
84
6394
6400
7699
168
1445
6697
4017
8494
3039
5513
7745
4519
2875
3662
3374
365
5877
4014
8110
5708
27
1815
2664
8611
6886
4259
2400
5364
7903
4786
1056
7655
1857
2958
4402
1440
1948
5776
1190
9029
4042
8539
4930
9368
9489
690
3601
3608
1890
1753
8308
912
5480
5159
9066
7109
9827
6762
7405
9059
3837
6921
8050
7745
3120
6106
5545
5702
732
1031
2305
8213
7267
3805
5268
6840
1996
6617
8031
6013
3402
230
4595
164
135
8568
7367
2561
4165
7865
2286
7382
3747
2483
5286
3826
73
8186
588
3822
6145
86
2683
1037
2517
9031
6560
656
7431
8537
6336
3986
2144
7966
9607
8225
667
1267
5315
9279
3461
609
2700
7092
1080
6553
5715
5242
765
1129
8104
7218
2127
2066
6963
5599
1578
1522
2312
610
8423
2280
6450
3628
772
8598
3382
397
1055
3988
6147
5732
3254
4863
8943
5491
2120
2948
7780
6556
3515
7518
6835
7850
2692
2068
6984
7982
979
2000
9613
8751
432
2418
2858
2438
9451
8120
6132
5302
873
1726
8600
7323
4
1140
5950
428
8745
9754
9243
6496
4801
9522
2931
990
5743
1161
3905
8432
2641
2483
8484
8729
8992
5019
1069
7610
4793
7645
4415
394
9765
2682
3488
3614
4917
4020
6067
5829
2900
5496
596
7954
8610
9960
4418
2458
8193
2977
7144
1360
1523
1164
9119
1975
2464
4892
2088
6027
9866
3404
7725
5385
5734
6564
1594
2157
117
7020
9043
634
4896
8499
6122
9045
7085
8479
6728
9678
843
8825
2669
870
741
5830
5294
3236
338
2815
3472
8739
4181
9516
197
6057
9620
7342
3019
843
8006
485
9270
9861
