2416
435
6302
3984
133
663
5404
6653
4618
354
782
9328
9614
1794
6947
349
4927
828
103
7078
2217
1489
6688
163
1165
8582
742
9329
1316
1990
218
9618
1698
5780
3119
8120
6650
5839
9732
1614
1259
8319
9919
6830
4221
36
4728
7197
429
4378
7883
5010
9426
3881
8086
8819
1361
7490
506
735
9603
5792
3248
3884
6511
2225
1850
864
8123
2097
2958
677
1492
9922
827
7112
5130
3756
2931
2861
943
6387
4272
1731
8763
7167
6662
9774
5510
4759
3888
6253
7907
8014
6643
172
4434
4164
4746
2594
8847
7507
7361
731
4553
5238
8716
1043
5151
9949
2587
2438
7668
8039
90
4033
5276
7162
5924
4521
7318
6401
9982
6787
6174
1485
1811
4569
3697
628
2899
6520
1855
5632
3851
7877
1384
7278
6569
2331
8597
8337
8893
239
331
3452
3938
4308
9984
706
776
1008
8376
1364
1193
1605
5850
1120
3265
6843
7648
823
5182
4211
1683
3824
4094
1903
6990
5397
681
275
4045
2434
2263
4259
7610
1386
4962
7779
937
8431
3053
9159
2629
474
4945
4515
1588
9032
6270
1510
6461
3065
3778
4544
6073
5990
5622
7342
4257
1889
662
1483
519
9542
1753
3
4999
8009
8384
9736
3864
6458
7047
2584
4672
1961
263
5980
7839
9414
1957
6774
960
8605
1417
1991
5327
5999
1190
2412
8428
8160
9429
6451
6839
2455
1637
3900
3118
4126
9969
3834
9819
4699
5682
6875
3160
8699
3957
5470
9494
4722
6686
7283
9852
7806
6906
9388
4661
4276
2189
7312
5394
8548
4915
7449
2262
524
2057
1588
469
5189
3267
6560
2003
4091
4342
1306
162
8200
3381
6350
5711
5671
975
2435
5902
1204
4064
1342
1854
7799
7997
5924
637
2035
3895
639
317
4121
1146
7927
674
4053
667
4467
1711
9358
869
2663
2867
5386
1964
2052
4388
6762
2272
5311
824
3977
1083
9119
5125
743
3859
9642
1994
9483
9219
9489
8801
6349
8435
6986
6944
979
2340
9708
2383
7954
6208
3124
5288
5348
3682
6075
4923
756
2190
8209
4859
1470
2878
8522
9726
4900
3008
5249
714
9155
3222
294
5947
9628
5908
2051
3140
5342
7295
7266
23
9416
4823
7904
2087
5055
3057
281
2686
1441
7563
2639
9958
5380
1495
950
1350
6496
4549
9805
4872
9487
2613
7718
4262
4638
4190
2862
2712
4981
4028
4959
1075
3246
4279
373
281
3352
7921
9365
7315
9156
6624
2094
6599
3101
8470
6170
2724
6601
5571
1287
427
8028
1878
3722
4985
3084
9125
1134
4231
1318
8172
8967
1781
1030
132
5886
7538
2019
6651
8089
4417
6967
1769
986
1442
3905
6942
8481
8077
9021
4563
2421
5695
5261
3287
1398
3623
7693
720
9506
6915
5946
4845
2772
1590
1552
6571
6241
5583
7480
6467
6813
1105
7263
618
5707
739
1705
7832
3311
2076
8580
6944
4086
9638
783
7947
8376
8894
2215
5913
8123
9575
628
770
5454
