2500
7749
2017
7038
3403
4454
8025
8846
7936
4344
6938
472
5401
6014
6885
5153
1301
8366
4933
6128
4109
777
3857
5936
392
1198
7709
1712
8990
7714
2705
2117
3457
9116
5349
6454
4564
1102
479
6941
2463
9819
2211
2769
2654
2095
5359
1386
909
1375
2239
2021
5103
2900
3265
7512
5927
8661
292
1609
6973
2070
1130
350
8104
9422
7351
623
2995
2406
2345
3913
7963
2734
8332
4485
6188
2319
4813
7457
2263
493
5483
7728
8669
9573
115
6262
4198
4069
8865
8534
2298
1479
2106
566
4069
5684
5168
774
444
6839
3626
3474
4910
497
9150
8432
1929
9854
8818
197
2409
5
6179
8602
1402
256
8678
6511
1485
9540
793
1340
4889
5421
2616
5
5055
7750
7448
1918
7295
2088
3915
5031
2623
4409
2785
1211
8268
6022
7769
22
1705
5321
7341
1022
1296
6398
9399
1693
1850
4495
2183
2672
3300
2593
4765
3316
8076
1064
1573
4567
1917
7826
692
1575
8200
3070
6092
8743
2223
4128
9946
283
5527
9157
721
688
6041
7596
4023
5417
8193
9482
7876
2371
1313
8142
5773
2551
5160
8377
3667
1309
1315
169
3789
1801
2048
681
4663
1381
6041
3926
8750
1737
3617
7059
2342
8792
248
3724
473
5929
3959
5117
6978
658
4106
1958
2454
1642
2707
3563
1352
1940
7716
1689
923
9040
3418
4273
2828
7095
596
7150
2698
4252
7972
5701
5899
2017
2700
8343
3497
8885
377
4849
1807
9424
6551
4853
2268
1925
3839
7801
3754
1097
4745
1405
9403
5739
1046
6476
6419
3814
4757
1983
2666
633
6662
9063
416
6371
4632
1461
8491
4580
4752
4959
8945
8171
445
9619
7797
4909
8813
631
3205
620
190
8612
1652
42
8038
7223
2768
6026
6022
5826
7412
8327
8306
6718
5359
6115
1445
2305
7675
5187
461
7325
3710
3603
4520
8262
8445
3977
7370
8900
9069
1669
9832
5229
3515
6447
9751
339
2416
3709
1582
2528
8047
6656
4831
8310
8931
6538
2703
9315
9452
8580
369
3895
160
4506
4431
9240
4269
4392
3623
577
6683
6423
8076
687
4890
5144
380
1422
2936
6163
8324
7918
3570
5114
1474
9079
3600
1185
5957
144
3515
8978
7243
7743
1088
2395
2761
2990
442
7116
1173
8173
7355
2560
6264
3632
6328
2675
4673
4434
7873
2649
4530
1510
2567
5073
1257
2627
576
7394
1862
4430
5741
773
7803
6480
3556
2577
1790
869
7260
2221
7989
8089
2190
7073
5427
6394
7969
8519
682
1695
9508
4515
944
4802
8746
838
6039
7097
7037
6287
6299
9963
1592
5764
5907
3316
7830
6907
7960
4511
7370
7190
7055
1263
2736
2452
9055
3283
3365
4028
4242
2834
4389
5836
5236
5736
9226
300
5461
1755
7193
1717
4837
2043
8891
7625
7662
9824
8445
7210
7402
936
5776
4142
1904
4236
2044
6680
6507
7827
133
7963
7265
3072
2272
4475
6474
4239
2422
2578
2473
409
5698
4093
1682
9657
3337
200
8018
4878
1437
1859
416
4680
5365
5372
2143
1905
7429
2586
2364
4469
9300
9255
2206
467
7182
2085
1715
3921
2932
3137
575
3522
1472
7609
3499
3769
8521
1979
9705
5715
3287
5788
6995
3959
6911
5048
3454
6474
9415
203
5372
5168
1482
3181
4835
3143
1875
5816
1119
371
4938
4851
9341
3331
7702
9191
6643
1798
4854
560
5997
6876
268
3888
1289
8972
773
4747
3772
5741
5557
1645
6734
8328
5184
7958
4228
350
615
9365
5602
2868
4980
5233
3357
7669
782
5081
1633
373
3399
4772
1775
4029
7396
372
9915
6365
2435
3451
9870
341
6619
8990
3521
6042
1260
9204
7245
1408
871
1929
4707
8196
246
1969
8820
2732
5844
4254
390
2578
7573
1497
1407
2908
122
7714
3645
2004
5262
2018
9070
9270
4865
3634
3558
2380
5690
1652
6821
2939
7143
6492
7677
4060
7516
7386
6939
4787
5050
5001
2819
708
5910
8848
3631
9319
3701
9408
7422
8203
4973
8715
2000
6059
6826
7999
539
3396
9567
2972
9200
5457
9904
7060
3443
4618
1449
5687
5002
2928
3771
8342
224
9041
4832
1283
9435
4659
6590
4443
8641
9254
2410
1975
2605
5370
9477
10000
3380
3296
9107
9943
8411
6779
1129
8666
2339
1535
9067
1247
8075
1852
8879
4616
3605
5536
7585
3434
8647
8695
4281
3894
8863
3136
766
2114
9842
9168
6823
8575
5160
6562
2880
2280
1788
7555
1530
7365
7154
7399
2502
3082
67
6321
5984
9657
5357
7374
827
1808
8879
5726
2706
1562
6577
2575
1121
4085
4272
540
1607
1982
358
8596
7342
1577
2747
4032
555
235
4840
4010
1778
7614
2666
9459
4961
7557
334
3710
8045
5849
1049
1180
2067
5040
2731
1213
9674
3014
1477
7119
5310
8445
4204
6780
1300
4069
9716
5292
6393
2616
2044
7917
9270
3143
8108
1692
8895
1726
320
7388
3369
1345
2158
556
6829
2942
4141
4676
4976
5904
5876
7659
8147
5501
5035
2182
1448
6160
2727
6010
1493
3636
9578
3819
9709
902
4701
1814
5135
1071
1262
3229
6056
2554
6980
2182
1900
2142
8375
3332
700
2691
6905
985
1838
8952
6406
615
6835
6133
6834
8168
4284
679
7942
1165
2943
8477
1303
1446
9770
8285
1563
5272
4946
7313
3604
2749
9225
539
8871
2943
8405
6897
73
5989
4074
2854
6040
1577
8863
2441
395
4874
4690
450
1803
1383
9475
9146
80
5044
7622
8791
3792
8476
4003
3631
664
722
6713
2584
4288
2306
9236
507
4206
2690
6812
5057
1350
3781
6819
5414
7849
9303
1375
6855
1052
6819
6625
5307
980
7131
2255
95
1913
8071
602
2453
5636
1223
1017
987
4686
2849
2224
4621
8671
8410
748
1665
6680
7921
5110
2787
8648
4699
1743
3114
1446
1801
2367
6760
5556
592
8732
7964
647
4682
3418
8308
8243
9442
3053
3956
2582
9035
1521
7741
614
6069
5315
8105
7771
1137
496
9705
